&FCI
NORB=7,
NELEC=10,
MS2=0,
UHF=.FALSE.,
ORBSYM=1,1,1,1,1,1,1,
ISYM=1,
&END
  4.74665350280316999942E+00   1   1   1   1
  4.28278827732700595465E-01   1   1   2   1
  1.01919341287363507398E+00   1   1   2   2
  7.63044417481833048278E-01   1   1   3   3
  1.66245974613785207907E-01   1   1   4   1
  1.46559646512803426477E-01   1   1   4   2
  9.39046898505243810007E-01   1   1   4   4
  1.11535632045932642242E+00   1   1   5   5
  1.99823240068508489742E-01   1   1   6   1
  2.68866213424658717646E-01   1   1   6   2
 -2.66958832649685839922E-01   1   1   6   4
  7.82006427347353705315E-01   1   1   6   6
  3.70066234184986297961E-01   1   1   7   3
  8.39696760414174958598E-01   1   1   7   7
  4.28278827732700595465E-01   2   1   1   1
  6.10856920107286788246E-02   2   1   2   1
  1.51418946866522640543E-02   2   1   2   2
  4.67143968402004231694E-03   2   1   3   3
  2.18153031830699145610E-02   2   1   4   1
  8.12601544459689781319E-03   2   1   4   2
  1.14005965103060567800E-02   2   1   4   4
  1.21135176653491462989E-02   2   1   5   5
  3.03627123910236579318E-02   2   1   6   1
  6.13692304254415468834E-03   2   1   6   2
 -3.47477023741637374224E-03   2   1   6   4
  7.41454798312688075079E-03   2   1   6   6
  7.01584856718171986922E-03   2   1   7   3
  8.92053103803972825825E-03   2   1   7   7
  1.01919341287363507398E+00   2   2   1   1
  1.51418946866522050737E-02   2   2   2   1
  7.23719157829628034762E-01   2   2   2   2
  6.16267672366672569773E-01   2   2   3   3
  1.26143066690139835778E-02   2   2   4   1
  2.25031685781461113227E-02   2   2   4   2
  6.62033752639957118191E-01   2   2   4   4
  7.53998472163037058991E-01   2   2   5   5
  2.01289886096780480662E-03   2   2   6   1
  1.31932249012733759930E-01   2   2   6   2
 -1.25002523424313866096E-01   2   2   6   4
  5.94136763724062322289E-01   2   2   6   6
  1.62721899540353986957E-01   2   2   7   3
  6.08996173581731858881E-01   2   2   7   7
  1.05939505891528510523E-02   3   1   3   1
 -1.68130800878699207535E-02   3   1   3   2
 -2.56356365266633421177E-03   3   1   4   3
 -2.62389292648733309793E-03   3   1   6   3
  1.43695889227494315310E-02   3   1   7   1
 -1.47362772602217736995E-02   3   1   7   2
 -8.29470687327995073734E-03   3   1   7   4
 -7.66108339108169823090E-03   3   1   7   6
 -1.68130800878699207535E-02   3   2   3   1
  1.31225847677829549065E-01   3   2   3   2
 -2.76360775504174288608E-02   3   2   4   3
 -3.75444542671252781685E-02   3   2   6   3
 -2.17194714715513922942E-02   3   2   7   1
  5.36953169355788087480E-02   3   2   7   2
  7.28480871909151089794E-02   3   2   7   4
  8.67136547350359637720E-02   3   2   7   6
  7.63044417481833492367E-01   3   3   1   1
  4.67143968402013685937E-03   3   3   2   1
  6.16267672366672458750E-01   3   3   2   2
  5.94988670369434369256E-01   3   3   3   3
  5.58455263417419623534E-03   3   3   4   1
 -4.35293263328547820612E-03   3   3   4   2
  5.67230877394570343064E-01   3   3   4   4
  6.02604138434884251119E-01   3   3   5   5
 -5.77798911382450220905E-04   3   3   6   1
  6.63960784123073383123E-02   3   3   6   2
 -4.81887170570209771858E-02   3   3   6   4
  5.49809031825555738493E-01   3   3   6   6
  8.86112502440551952354E-02   3   3   7   3
  5.83337071953576646877E-01   3   3   7   7
  1.66245974613785207907E-01   4   1   1   1
  2.18153031830699076221E-02   4   1   2   1
  1.26143066690140026598E-02   4   1   2   2
  5.58455263417415893878E-03   4   1   3   3
  2.44195881363406877562E-02   4   1   4   1
 -1.84892430557225991017E-02   4   1   4   2
 -8.92535228382861957341E-03   4   1   4   4
  4.67333589433652826090E-03   4   1   5   5
 -2.73034918474614413456E-03   4   1   6   1
  1.84186246720643709285E-02   4   1   6   2
 -1.20418771455040865201E-03   4   1   6   4
  1.80083945779126765319E-02   4   1   6   6
 -2.85210495900220452510E-04   4   1   7   3
  3.74020812053672780870E-03   4   1   7   7
  1.46559646512803343210E-01   4   2   1   1
  8.12601544459688220068E-03   4   2   2   1
  2.25031685781462015283E-02   4   2   2   2
 -4.35293263328545912416E-03   4   2   3   3
 -1.84892430557226129795E-02   4   2   4   1
  1.29672907363270528691E-01   4   2   4   2
  9.49953490983237447409E-02   4   2   4   4
  7.93858416834568453302E-02   4   2   5   5
  2.07682863886575579115E-02   4   2   6   1
 -3.14300371018844809656E-02   4   2   6   2
 -4.77327373322877362982E-02   4   2   6   4
 -4.85372248927099791960E-02   4   2   6   6
  7.75958839254009269393E-02   4   2   7   3
  1.83287068878189088328E-02   4   2   7   7
 -2.56356365266633334440E-03   4   3   3   1
 -2.76360775504174427386E-02   4   3   3   2
  5.51247735048164683169E-02   4   3   4   3
  3.75739342143311602640E-02   4   3   6   3
 -3.54316309087093078700E-03   4   3   7   1
  3.06019306160065299172E-02   4   3   7   2
 -1.26569716635456207265E-02   4   3   7   4
 -6.15254773877306482266E-02   4   3   7   6
  9.39046898505243921029E-01   4   4   1   1
  1.14005965103061539245E-02   4   4   2   1
  6.62033752639957229214E-01   4   4   2   2
  5.67230877394570232042E-01   4   4   3   3
 -8.92535228382858834839E-03   4   4   4   1
  9.49953490983237308631E-02   4   4   4   2
  7.07770348996773490668E-01   4   4   4   4
  6.93407151188872195036E-01   4   4   5   5
  1.59229333738597385317E-02   4   4   6   1
  6.47346495894427359508E-02   4   4   6   2
 -1.31944113145119112929E-01   4   4   6   4
  5.43817853094106462564E-01   4   4   6   6
  1.43881024992301875809E-01   4   4   7   3
  5.80373377710749371872E-01   4   4   7   7
  2.59689149194757447348E-02   5   1   5   1
 -3.31825551396663712134E-02   5   1   5   2
 -1.20019249113633048875E-02   5   1   5   4
 -1.32561382777028700236E-02   5   1   6   5
 -3.31825551396663781523E-02   5   2   5   1
  1.50058751118953337400E-01   5   2   5   2
  4.42409723834895560191E-02   5   2   5   4
  5.17659522635449259598E-02   5   2   6   5
  2.64663589274265857731E-02   5   3   5   3
  2.38876366361490573287E-02   5   3   7   5
 -1.20019249113633083570E-02   5   4   5   1
  4.42409723834895698968E-02   5   4   5   2
  4.88391381847555136608E-02   5   4   5   4
 -5.11454771116222599997E-03   5   4   6   5
  1.11535632045932620038E+00   5   5   1   1
  1.21135176653491480336E-02   5   5   2   1
  7.53998472163037058991E-01   5   5   2   2
  6.02604138434884362141E-01   5   5   3   3
  4.67333589433652652617E-03   5   5   4   1
  7.93858416834568730858E-02   5   5   4   2
  6.93407151188872417080E-01   5   5   4   4
  8.80159093375047607566E-01   5   5   5   5
  5.41089351144120791343E-03   5   5   6   1
  1.42244055697897692214E-01   5   5   6   2
 -1.47593738209438524178E-01   5   5   6   4
  5.77949934765205286524E-01   5   5   6   6
  2.01958258160787190727E-01   5   5   7   3
  6.09736996855911428383E-01   5   5   7   7
  1.99823240068508517497E-01   6   1   1   1
  3.03627123910236336457E-02   6   1   2   1
  2.01289886096783820005E-03   6   1   2   2
 -5.77798911382506599418E-04   6   1   3   3
 -2.73034918474615410922E-03   6   1   4   1
  2.07682863886575648504E-02   6   1   4   2
  1.59229333738596795511E-02   6   1   4   4
  5.41089351144120878079E-03   6   1   5   5
  2.61966628465193709929E-02   6   1   6   1
 -9.82593182881790275229E-03   6   1   6   2
 -1.77094159142751270131E-03   6   1   6   4
 -8.78666223175096627873E-03   6   1   6   6
  5.76994930894278966471E-03   6   1   7   3
  3.74725498218127358804E-03   6   1   7   7
  2.68866213424658440090E-01   6   2   1   1
  6.13692304254412519804E-03   6   2   2   1
  1.31932249012733843196E-01   6   2   2   2
  6.63960784123073383123E-02   6   2   3   3
  1.84186246720643570507E-02   6   2   4   1
 -3.14300371018845156601E-02   6   2   4   2
  6.47346495894427081952E-02   6   2   4   4
  1.42244055697897525681E-01   6   2   5   5
 -9.82593182881791836480E-03   6   2   6   1
  9.51527282119973977226E-02   6   2   6   2
 -6.02520090175000730404E-02   6   2   6   4
  9.21052970194799341952E-02   6   2   6   6
  6.88817150728224247835E-02   6   2   7   3
  6.15699462946856651557E-02   6   2   7   7
 -2.62389292648733700106E-03   6   3   3   1
 -3.75444542671253059241E-02   6   3   3   2
  3.75739342143311602640E-02   6   3   4   3
  7.49902275758075054224E-02   6   3   6   3
 -3.03856184163139560542E-03   6   3   7   1
  3.02565007912942787738E-02   6   3   7   2
 -5.41371018000792181279E-02   6   3   7   4
 -6.65810358888020564772E-02   6   3   7   6
 -2.66958832649685784411E-01   6   4   1   1
 -3.47477023741642101345E-03   6   4   2   1
 -1.25002523424313893852E-01   6   4   2   2
 -4.81887170570209633080E-02   6   4   3   3
 -1.20418771455042057823E-03   6   4   4   1
 -4.77327373322877362982E-02   6   4   4   2
 -1.31944113145119085173E-01   6   4   4   4
 -1.47593738209438551934E-01   6   4   5   5
 -1.77094159142751985704E-03   6   4   6   1
 -6.02520090175000591626E-02   6   4   6   2
  9.55699466481607085022E-02   6   4   6   4
 -5.24258727724263226544E-02   6   4   6   6
 -9.98933326331840620860E-02   6   4   7   3
 -5.08165431763211924987E-02   6   4   7   7
 -1.32561382777028752278E-02   6   5   5   1
  5.17659522635449467765E-02   6   5   5   2
 -5.11454771116223207150E-03   6   5   5   4
  3.46031274912245445652E-02   6   5   6   5
  7.82006427347353594293E-01   6   6   1   1
  7.41454798312694493556E-03   6   6   2   1
  5.94136763724062211267E-01   6   6   2   2
  5.49809031825555738493E-01   6   6   3   3
  1.80083945779127146958E-02   6   6   4   1
 -4.85372248927100624627E-02   6   6   4   2
  5.43817853094106462564E-01   6   6   4   4
  5.77949934765205175502E-01   6   6   5   5
 -8.78666223175092117592E-03   6   6   6   1
  9.21052970194798648063E-02   6   6   6   2
 -5.24258727724263920433E-02   6   6   6   4
  5.81816835348060057420E-01   6   6   6   6
  4.40387460540284519928E-02   6   6   7   3
  5.50135897151275310435E-01   6   6   7   7
  1.43695889227494332657E-02   7   1   3   1
 -2.17194714715513922942E-02   7   1   3   2
 -3.54316309087092991964E-03   7   1   4   3
 -3.03856184163139300333E-03   7   1   6   3
  1.95217970312571986735E-02   7   1   7   1
 -1.91033281391817348627E-02   7   1   7   2
 -1.12477011653560558108E-02   7   1   7   4
 -1.01359344414106138793E-02   7   1   7   6
 -1.47362772602217754342E-02   7   2   3   1
  5.36953169355788226258E-02   7   2   3   2
  3.06019306160065195088E-02   7   2   4   3
  3.02565007912942683654E-02   7   2   6   3
 -1.91033281391817418016E-02   7   2   7   1
  6.78164589725695210465E-02   7   2   7   2
  1.71885925961397546813E-02   7   2   7   4
 -4.54703441669722374652E-03   7   2   7   6
  3.70066234184986520006E-01   7   3   1   1
  7.01584856718178578872E-03   7   3   2   1
  1.62721899540354097979E-01   7   3   2   2
  8.86112502440552507466E-02   7   3   3   3
 -2.85210495900199852669E-04   7   3   4   1
  7.75958839254009130615E-02   7   3   4   2
  1.43881024992302014587E-01   7   3   4   4
  2.01958258160787218483E-01   7   3   5   5
  5.76994930894282002237E-03   7   3   6   1
  6.88817150728224386613E-02   7   3   6   2
 -9.98933326331841175971E-02   7   3   6   4
  4.40387460540285352595E-02   7   3   6   6
  1.59448901907191631366E-01   7   3   7   3
  9.56471267505173000645E-02   7   3   7   7
 -8.29470687327994900262E-03   7   4   3   1
  7.28480871909151367349E-02   7   4   3   2
 -1.26569716635456085835E-02   7   4   4   3
 -5.41371018000792111891E-02   7   4   6   3
 -1.12477011653560558108E-02   7   4   7   1
  1.71885925961397859063E-02   7   4   7   2
  7.09526841384080647623E-02   7   4   7   4
  6.03765605862268059378E-02   7   4   7   6
  2.38876366361490607981E-02   7   5   5   3
  2.50413721736781544336E-02   7   5   7   5
 -7.66108339108169996562E-03   7   6   3   1
  8.67136547350360054054E-02   7   6   3   2
 -6.15254773877306412877E-02   7   6   4   3
 -6.65810358888020703549E-02   7   6   6   3
 -1.01359344414106208182E-02   7   6   7   1
 -4.54703441669723935903E-03   7   6   7   2
  6.03765605862267989989E-02   7   6   7   4
  1.12645814419271336759E-01   7   6   7   6
  8.39696760414175180642E-01   7   7   1   1
  8.92053103803975427910E-03   7   7   2   1
  6.08996173581731969904E-01   7   7   2   2
  5.83337071953576646877E-01   7   7   3   3
  3.74020812053674645697E-03   7   7   4   1
  1.83287068878189504662E-02   7   7   4   2
  5.80373377710749371872E-01   7   7   4   4
  6.09736996855911206339E-01   7   7   5   5
  3.74725498218131435404E-03   7   7   6   1
  6.15699462946857831169E-02   7   7   6   2
 -5.08165431763211092320E-02   7   7   6   4
  5.50135897151275532480E-01   7   7   6   6
  9.56471267505172029200E-02   7   7   7   3
  5.96967070930705778764E-01   7   7   7   7
 -3.25607590836978957327E+01   1   1   0   0
 -5.68276708421199372445E-01   2   1   0   0
 -7.56435992758817654646E+00   2   2   0   0
 -6.01783656551114454203E+00   3   3   0   0
 -2.09504485840143889197E-01   4   1   0   0
 -5.22263430779735804421E-01   4   2   0   0
 -6.60967849281244745896E+00   4   4   0   0
 -7.34714481208782377308E+00   5   5   0   0
 -2.56308389616588250259E-01   6   1   0   0
 -1.21956277020321413040E+00   6   2   0   0
  1.30573073606287737292E+00   6   4   0   0
 -5.29130866939959787487E+00   6   6   0   0
 -1.76657051317799584922E+00   7   3   0   0
 -5.51336034014188935970E+00   7   7   0   0
  8.00236648217342150247E+00   0   0   0   0
